[gd_scene load_steps=4 format=2]

[ext_resource path="res://ships/fighter_headhunter.tscn" type="PackedScene" id=1]
[ext_resource path="res://ships/turret_large1.tscn" type="PackedScene" id=2]
[ext_resource path="res://ships/destroyer_phoenix.tscn" type="PackedScene" id=3]

[node name="Spatial" type="Spatial"]

[node name="turret_large1" parent="." instance=ExtResource( 2 )]
visible = false
target_path = NodePath("../fighter_headhunter")

[node name="turret_large2" parent="." instance=ExtResource( 2 )]
transform = Transform( 1, 0, 0, 0, 0.707107, -0.707107, 0, 0.707107, 0.707107, -1.0232, 0, 0 )
visible = false
target_path = NodePath("../fighter_headhunter")

[node name="turret_large3" parent="." instance=ExtResource( 2 )]
transform = Transform( 0.707107, 0.707107, 0, -0.707107, 0.707107, 0, 0, 0, 1, -2.12004, 0, 0 )
visible = false
target_path = NodePath("../fighter_headhunter")

[node name="fighter_headhunter" parent="." instance=ExtResource( 1 )]
transform = Transform( -0.16359, -0.426982, -0.889339, 0.703026, 0.581974, -0.408731, 0.692093, -0.692093, 0.204974, 32.1391, 18.1096, 9.51465 )

[node name="Camera" type="Camera" parent="."]
transform = Transform( -0.707107, 0.0963447, -0.700513, -1.19115e-08, 0.990674, 0.136252, 0.707107, 0.0963447, -0.700512, -7.45906, 0.733, -0.75 )
fov = 90.0

[node name="destroyer_phoenix" parent="." instance=ExtResource( 3 )]
transform = Transform( 1, 0, 0, 0, 1, 0, 0, 0, 1, 0, -1.41482, -1.95626 )
