[gd_scene load_steps=3 format=2]

[ext_resource path="res://ships/turret_large1.tscn" type="PackedScene" id=1]
[ext_resource path="res://ships/fighter_headhunter.tscn" type="PackedScene" id=2]

[node name="Spatial" type="Spatial"]

[node name="turret_large1" parent="." instance=ExtResource( 1 )]

[node name="turret_large2" parent="." instance=ExtResource( 1 )]
transform = Transform( 1, 0, 0, 0, 0.936305, -0.351188, 0, 0.351188, 0.936305, -1.0232, 0, 0 )

[node name="turret_large3" parent="." instance=ExtResource( 1 )]
transform = Transform( 0.896873, 0.442289, 0, -0.442289, 0.896873, 0, 0, 0, 1, -2.12004, 0, 0 )

[node name="fighter_headhunter" parent="." instance=ExtResource( 2 )]
transform = Transform( -0.16359, -0.426982, -0.889339, 0.703026, 0.581974, -0.408731, 0.692093, -0.692093, 0.204974, 32.1391, 18.1096, 9.51465 )

[node name="Camera" type="Camera" parent="."]
transform = Transform( -1, 0, -8.74228e-08, 0, 1, 0, 8.74228e-08, 0, -1, -0.922166, 0.425711, -0.750106 )
fov = 106.875
